0020
0020
0020
0020
0020
0020
0020
0020
0020
0020
0020
0020
0020
0020
0020
0020
0020
0020
0020
0020
0020
0020
0020
0020
0020
0020
0020
0020
0020
0020
0020
0020
0000
0000
0000
0000
0000
0000
0000
0000
0000
0000
0000
0000
0000
0000
0000
0000
0000
0000
0000
0000
0000
0000
0000
0000
0000
0000
0000
0000
0000
0000
0000
0000
0000
0000
0000
0000
0000
0070
0000
000e
0000
0000
0000
000e
0000
0000
0000
00ed
0000
0000
0000
0000
0000
0070
0000
0066
0000
0000
0000
0006
0000
0000
0000
0065
0066
0000
0000
0000
006e
0000
0000
0000
0066
0000
0000
0000
006e
0000
0000
0000
0066
0000
0000
0000
006e
0000
0000
0000
0066
0000
0000
0000
006e
0000
0000
0000
0000
0000
0000
0000
0000
0000
0000
0000
0000
0000
0000
0000
0000
0000
0000
0000
0000
0000
0000
0000
0000
0000
0000
0000
0000
0000
0000
0000
0000
0000
0000
0000
0000
004e
0000
007e
0000
00f0
0000
0046
0000
004e
0000
00f0
0000
0076
0000
0046
0000
004e
0000
007e
0000
0070
0000
0046
0000
004e
0000
0070
0000
0076
0000
0046
0000
00d2
0000
00d4
0000
00d4
0000
00a0
0000
0004
0000
0064
0000
0064
0000
00a0
0000
006a
0000
006c
0000
006c
0000
00a0
0000
00cc
0000
00dc
0000
00dc
0000
00a0
00ff
0060
006a
0000
00f2
000f
000e
0000
007f
0060
00ea
0000
0002
00e7
00e6
0000
0077
0060
006a
0000
00f2
000f
0006
0000
00f7
0060
00ea
0000
0002
00e7
006e
0000
0000
0000
0070
0000
0000
0000
0000
0000
0000
0000
0007
0000
0000
0000
0000
0000
0000
0000
0070
0000
0000
0000
0000
0000
0000
0000
000f
0000
0000
0000
0000
0000
0070
007f
0004
0000
007f
0000
00ce
00ff
0007
0077
00c0
0000
00f7
0000
00ec
0020
00f0
00ff
00e4
0000
00ff
0000
00c0
0077
000f
00ff
00c6
0000
0077
0000
000c
0020
0000
002f
0000
00a0
0000
00a0
0000
00fe
0000
0070
0000
00a0
0000
00a0
0000
006f
0000
0027
0000
00a0
0000
00a0
0000
0076
0000
00f0
0000
00a0
0000
00a0
0000
00e7
