0020
0020
0020
0020
0020
0020
0020
0020
0020
0020
0020
0020
0020
0020
0020
0020
0020
0020
0020
0020
0020
0020
0020
0020
0020
0020
0020
0020
0020
0020
0020
0020
0000
00e7
00ef
00ef
0000
00e7
00e7
00ef
0000
00e7
00ef
00ef
0000
00e7
00e7
00ef
0000
00e7
00ef
00ef
0000
00e7
00e7
00ef
0000
00e7
00ef
00ef
0000
00e7
00e7
00ef
0007
0050
00e0
0050
00e0
0050
00e0
0050
000f
0050
00e0
0050
00e0
0050
00e0
0050
000f
0050
00e0
0050
00e0
0050
00e0
0050
0007
0050
00e0
0050
00e0
0050
00e0
0050
007f
00f0
007f
00f0
0007
0007
0000
00f0
0077
0006
0077
00f0
000f
0007
0000
000f
00f7
00f0
00f7
0070
0007
0007
0000
0070
00ff
0006
00ff
0070
000f
0007
0000
0007
0000
00e7
00e7
00ef
0000
00e7
00ef
00ef
0000
00e7
00e7
00ef
0000
00e7
00ef
00ef
0000
00e7
00e7
00ef
0000
00e7
00ef
00ef
0000
00e7
00e7
00ef
0000
00e7
00ef
00ef
0000
005f
0000
0057
0000
005f
0000
0057
0000
005f
0000
0057
0000
005f
0000
0057
0000
005f
0000
0057
0000
005f
0000
0057
0000
005f
0000
0057
0000
005f
0000
0057
0000
0005
006d
00e5
004d
0065
00ed
0060
00e7
006f
00e5
006d
0045
00ed
0065
000d
0000
0005
006d
00e5
004d
0065
00ed
0067
00ef
0060
00e5
006d
0045
00ed
0065
000d
000e
0060
0000
0055
0000
0060
0006
0053
0066
0060
00ff
005d
0007
0060
0060
003d
000e
0060
0000
00dd
0000
0060
0006
00db
0066
0060
00ff
00d5
000f
0060
0060
00b5
00ee
00d0
0070
0007
0000
000f
00f0
0070
00e0
00fe
0070
00f0
00e6
0070
00f0
0050
00ee
0050
0070
0007
0000
000f
00f0
00f6
00e0
0070
0070
0070
00e6
00f0
00f0
00d0
0070
0000
0000
002e
0000
0026
0000
0000
00f0
0000
0000
002e
0000
0026
0000
0000
0070
0000
0000
002e
0000
0026
0000
0000
00f0
0000
0000
002e
0000
0026
0000
0000
00e0
0006
0045
00ed
0000
00e5
004d
000e
00e0
0000
0045
00ed
0000
00e5
004d
0000
00e0
0006
0045
00ed
0000
00e5
004d
000e
00e0
0000
0045
00ed
0000
00e5
004d
0000
