0020
0020
0020
0020
0020
0020
0020
0020
0020
0020
0020
0020
0020
0020
0020
0020
0000
0000
0060
0000
0000
0000
0060
0000
0000
0000
0060
0000
0000
0000
0060
0000
0000
0040
0000
0046
0000
0040
0000
0046
0000
0040
0000
004e
0000
0040
0000
004e
0066
0000
0060
0070
00ee
0000
0060
000f
0066
0000
0060
00f0
00ee
0000
0060
0007
0000
0000
0000
0000
0000
0000
0000
0000
0000
0000
0000
0000
0000
0000
0000
0000
0000
004c
0000
006e
0000
004c
0000
00ee
0000
004c
0000
00e6
0000
004c
0000
0066
0000
00f0
0000
007f
00e7
00af
0000
0077
00e0
0070
0000
00f7
00ef
00a7
0000
00ff
0000
00e2
0070
0006
0000
0062
0000
0006
0000
00e2
0070
000e
0000
0062
0000
000e
0000
0060
0000
0000
0000
0060
0000
0077
0000
0060
0000
0000
0000
0060
0000
00ff
0000
0044
000e
00c4
0007
00cc
0006
004c
0000
0044
000e
00c4
000f
00cc
0006
004c
0000
00f3
0070
00f7
0000
003f
0000
0033
0000
0073
0070
007f
0000
0037
0000
0033
