3600
3600
3600
3600
3600
3600
3600
3600
3600
3600
3600
3600
3600
3600
3600
3600
0000
0000
4e00
0000
0000
0000
2800
0000
0000
0000
2800
0000
0000
0000
4e00
0000
0000
4618
0000
4518
0000
4598
0000
4698
0000
2098
0000
2898
0000
2818
0000
2018
4242
423d
4600
3fc4
c2c2
bd42
4600
c4bf
4242
c2bd
4600
bf44
c2c2
3dc2
4600
443f
0000
0000
0000
0000
5600
0000
0000
0000
0000
0000
0000
0000
0000
0000
0000
0000
0000
3fd0
0000
3fc1
0000
3dba
0000
3d00
0000
3d00
0000
3d3a
0000
3f41
0000
3f50
4800
c400
3a00
a921
a000
1021
9800
a000
a800
a000
9800
10a1
a000
a9a1
3a00
c400
0000
c836
4e00
c8b6
0000
3938
0000
b2b4
0000
0036
2800
00b6
0000
b234
0000
39b8
0000
5500
0000
3400
0000
22a7
0000
a000
0000
3800
0000
a000
0000
2b27
0000
1000
4800
41b8
39c2
c2bc
423e
3ac2
b942
bac0
4800
ba40
b9c2
3a42
42be
c23c
3942
4138
0000
c633
4e00
c6b3
0000
9696
2000
1696
0000
2018
2800
2098
0000
1616
2000
9616
