001110000000000000100000
001101111000000000101000
001101111000000000101000
001101111000100100101000
001101111000110100101000
001101111000111100101000
001101111001000100101000
001101111001001100101000
001101111001010100101000
001101111001011000101000
001101111001011100101000
001101111001100100101000
001101111001100100101000
001101111001101000101000
001101111001101100101000
001101111001110000101000
001101111001110100101000
001101111001110100101000
001101111001111000101000
001101111001111100101000
001101111001111100101000
001101111010000000101000
001101111010000100101000
001101111010000100101000
001101111010000100101000
001101111010001000101000
001101111010001000101000
001101111010001100101000
001101111010001100101000
001101111010001100101000
001101111010010000101000
001101111010010000101000
001101111010010000101000
001101111010010100101000
001101111010010100101000
001101111010011000101000
001101111010011000101000
001101111010011000101000
001101111010011100101000
001101111010011100101000
001101111010011100101000
001101111010011100101000
001101111010100000101001
001101111010100000101001
001101111010100100101001
001101111010100100101001
001101111010100100101001
001101111010100100101001
001101111010100100101001
001101111010100100101001
001101111010101000101001
001101111010101000101001
001101111010101000101001
001101111010101000101001
001101111010101000101001
001101111010101100101001
001101111010101100101001
001101111010101100101001
001101111010101100101001
001101111010101100101001
001101111010110000101001
001101111010110000101001
001101111010110000101001
001101111010110000101001
001101111010110000101001
001101111010110000101001
001101111010110100101001
001101111010110100101001
001101111010110100101001
001101111010110100101001
001101111010110100101001
001101111010111000101001
001101101010111000101001
001101101010111000101001
001101101010111000101001
001101101010111000101001
001101101010111000101001
001101101010111100101001
001101101010111100101001
001101101010111100101001
001101101010111100101001
001101101010111100101001
001101101010111100101001
001101101010111100101001
001101101010111100101001
001101101010111100101001
001101101011000000101001
001101101011000000101001
001101101011000000101001
001101101011000000101001
001101101011000000101001
001101101011000000101001
001101101011000100101001
001101011011000100101001
001101011011000100101001
001101011011000100101001
001101011011000100101001
001101011011000100101001
001101011011000100101001
001101011011000100101001
001101011011000100101001
001101011011000100101001
001101011011000100101001
001101011011000100101001
001101011011001000101001
001101011011001000101001
001101011011001000101001
001101011011001000101001
001101011011001000101001
001101011011001000101001
001101001011001000101001
001101001011001000101001
001101001011001000101001
001101001011001000101001
001101001011001000101001
001101001011001000101001
001101001011001000101001
001101001011001100101001
001101001011001100011001
001101001011001100011001
001101001011001100011001
001101001011001100011001
001101001011001100011001
001101001011001100011001
001101001011001100011001
001101001011001100011001
001100111011001100011001
001100111011001100011001
001100111011001100011001
001100111011001100011001
001100111011001100011001
001100111011010000011001
001100111011010000011001
001100111011010000011001
001100111011010000011001
001100111011010000011001
001100111011010000011001
001100111011010000011001
001100111011010000011001
001100111011010000011010
001100101011010000011010
001100101011010000011010
001100101011010000011010
001100101011010000011010
001100101011010000011010
001100101011010000011010
001100101011010000011010
001100101011010100011010
001100101011010100011010
001100101011010100011010
001100101011010100011010
001100101011010100011010
001100101011010100011010
001100011011010100011010
001100011011010100011010
001100011011010100011010
001100011011010100011010
001100011011010100011010
001100011011010100011010
001100011011010100011010
001100011011010100011010
001100011011010100011010
001100011011010100011010
001100011011010100011010
001100011011011000011010
001100001011011000011010
001100001011011000011010
001100001011011000011010
001100001011011000011010
001100001011011000011010
001100001011011000011010
001011111011011000011010
001011111011011000011010
001011111011011000011010
001011111011011000011010
001011111011011000011010
001011111011011000011010
001011111011011000011010
001011111011011000011010
001011111011011000011010
001011101011011000011010
001011101011011000011010
001011101011011000011010
001011101011011000011010
001011101011011000011010
001011101011011100011010
001011011011011100011010
001011011011011100011010
001011011011011100011010
001011011011011100011010
001011011011011100011010
001011001011011100011010
001011001011011100011010
001011001011011100011010
001011001011011100011010
001011001011011100011010
001011001011011100011010
001010111011011100011010
001010111011011100011010
001010111011011100011010
001010111011011100011010
001010111011011100011010
001010101011011100011010
001010101011011100011010
001010101011011100011010
001010101011011100011010
001010101011011100011010
001010011011011100011010
001010011011011100011010
001010011011011100011010
001010011011011100011010
001010011011011100011010
001010011011011100011010
001010001011011100011010
001010001011011100011010
001001111011011100001010
001001111011011100001010
001001111011011100001010
001001111011011100001010
001001101011011100001010
001001101011011100001010
001001101011011100001010
001001011011011100001010
001001011011011100001010
001001001011011100001010
001001001011011100001010
001001001011011100001010
001000111011011100001010
001000111011011100001010
001000111011011100001010
001000101011011100001010
001000101011011100001010
001000011011011100001010
001000011011011100001010
001000011011011100001010
001000001011011100001010
000111111011011100001010
000111111011011100001010
000111101011011100001010
000111011011011100001010
000111011011011100001010
000111001011011100001010
000110111011011100001010
000110101011011100001010
000110011011011100001010
000110011011011100001010
000101111011011100001010
000101101011011100001010
000101011011011100001010
000100111011011100001010
000100011011011100001010
000011111011011100001010
000011011011011100001010
000010011011011100001010
000000001011011100001010
000000001011011100001010
000000001011100000001010
100000001011011110001010
100000001011011110001010
100010011011011110001010
100011011011011110001010
100011111011011110001010
100100011011011110001010
100100111011011110001010
100101011011011110001010
100101101011011110001010
100101111011011110001010
100110011011011110001010
100110011011011110001010
100110101011011110001010
100110111011011110001010
100111001011011110001010
100111011011011110001010
100111011011011110001010
100111101011011110001010
100111111011011110001010
100111111011011110001010
101000001011011110001010
101000011011011110001010
101000011011011110001010
101000011011011110001010
101000101011011110001010
101000101011011110001010
101000111011011110001010
101000111011011110001010
101000111011011110001010
101001001011011110001010
101001001011011110001010
101001001011011110001010
101001011011011110001010
101001011011011110001010
101001101011011110001010
101001101011011110001010
101001101011011110001010
101001111011011110001010
101001111011011110001010
101001111011011110001010
101001111011011110001010
101010001011011110011010
101010001011011110011010
101010011011011110011010
101010011011011110011010
101010011011011110011010
101010011011011110011010
101010011011011110011010
101010011011011110011010
101010101011011110011010
101010101011011110011010
101010101011011110011010
101010101011011110011010
101010101011011110011010
101010111011011110011010
101010111011011110011010
101010111011011110011010
101010111011011110011010
101010111011011110011010
101011001011011110011010
101011001011011110011010
101011001011011110011010
101011001011011110011010
101011001011011110011010
101011001011011110011010
101011011011011110011010
101011011011011110011010
101011011011011110011010
101011011011011110011010
101011011011011110011010
101011101011011110011010
101011101011011010011010
101011101011011010011010
101011101011011010011010
101011101011011010011010
101011101011011010011010
101011111011011010011010
101011111011011010011010
101011111011011010011010
101011111011011010011010
101011111011011010011010
101011111011011010011010
101011111011011010011010
101011111011011010011010
101011111011011010011010
101100001011011010011010
101100001011011010011010
101100001011011010011010
101100001011011010011010
101100001011011010011010
101100001011011010011010
101100011011011010011010
101100011011010110011010
101100011011010110011010
101100011011010110011010
101100011011010110011010
101100011011010110011010
101100011011010110011010
101100011011010110011010
101100011011010110011010
101100011011010110011010
101100011011010110011010
101100011011010110011010
101100101011010110011010
101100101011010110011010
101100101011010110011010
101100101011010110011010
101100101011010110011010
101100101011010110011010
101100101011010010011010
101100101011010010011010
101100101011010010011010
101100101011010010011010
101100101011010010011010
101100101011010010011010
101100101011010010011010
101100111011010010011010
101100111011010010011001
101100111011010010011001
101100111011010010011001
101100111011010010011001
101100111011010010011001
101100111011010010011001
101100111011010010011001
101100111011010010011001
101100111011001110011001
101100111011001110011001
101100111011001110011001
101100111011001110011001
101100111011001110011001
101101001011001110011001
101101001011001110011001
101101001011001110011001
101101001011001110011001
101101001011001110011001
101101001011001110011001
101101001011001110011001
101101001011001110011001
101101001011001110101001
101101001011001010101001
101101001011001010101001
101101001011001010101001
101101001011001010101001
101101001011001010101001
101101001011001010101001
101101001011001010101001
101101011011001010101001
101101011011001010101001
101101011011001010101001
101101011011001010101001
101101011011001010101001
101101011011001010101001
101101011011000110101001
101101011011000110101001
101101011011000110101001
101101011011000110101001
101101011011000110101001
101101011011000110101001
101101011011000110101001
101101011011000110101001
101101011011000110101001
101101011011000110101001
101101011011000110101001
101101101011000110101001
101101101011000010101001
101101101011000010101001
101101101011000010101001
101101101011000010101001
101101101011000010101001
101101101011000010101001
101101101010111110101001
101101101010111110101001
101101101010111110101001
101101101010111110101001
101101101010111110101001
101101101010111110101001
101101101010111110101001
101101101010111110101001
101101101010111110101001
101101101010111010101001
101101101010111010101001
101101101010111010101001
101101101010111010101001
101101101010111010101001
101101111010111010101001
101101111010110110101001
101101111010110110101001
101101111010110110101001
101101111010110110101001
101101111010110110101001
101101111010110010101001
101101111010110010101001
101101111010110010101001
101101111010110010101001
101101111010110010101001
101101111010110010101001
101101111010101110101001
101101111010101110101001
101101111010101110101001
101101111010101110101001
101101111010101110101001
101101111010101010101001
101101111010101010101001
101101111010101010101001
101101111010101010101001
101101111010101010101001
101101111010100110101001
101101111010100110101001
101101111010100110101001
101101111010100110101001
101101111010100110101001
101101111010100110101001
101101111010100010101001
101101111010100010101001
101101111010011110101000
101101111010011110101000
101101111010011110101000
101101111010011110101000
101101111010011010101000
101101111010011010101000
101101111010011010101000
101101111010010110101000
101101111010010110101000
101101111010010010101000
101101111010010010101000
101101111010010010101000
101101111010001110101000
101101111010001110101000
101101111010001110101000
101101111010001010101000
101101111010001010101000
101101111010000110101000
101101111010000110101000
101101111010000110101000
101101111010000010101000
101101111001111110101000
101101111001111110101000
101101111001111010101000
101101111001110110101000
101101111001110110101000
101101111001110010101000
101101111001101110101000
101101111001101010101000
101101111001100110101000
101101111001100110101000
101101111001011110101000
101101111001011010101000
101101111001010110101000
101101111001001110101000
101101111001000110101000
101101111000111110101000
101101111000110110101000
101101111000100110101000
101101111000000010101000
101101111000000010101000
