001110000000000000100000
001110001000000000101000
001110001000010100101000
001110001000100100101000
001110001000110100101000
001110001001000000101000
001110001001000100101000
001110001001001100101000
001110001001010100101000
001110001001011000101000
001110001001100000101000
001110001001100100101000
001110001001100100101000
001110001001101000101000
001110001001101100101000
001110001001110000101000
001110001001110100101000
001110001001110100101000
001110001001111000101000
001110001001111100101000
001110001010000000101000
001110001010000000101000
001110001010000100101000
001110001010000100101000
001110001010000100101000
001110001010001000101000
001110001010001000101000
001110001010001100101000
001110001010001100101000
001110001010001100101000
001110001010010000101000
001110001010010000101000
001110001010010000101000
001110001010010100101000
001110001010010100101000
001110001010011000101000
001110001010011000101000
001110001010011000101000
001110001010011100101000
001110001010011100101000
001110001010100000101000
001101111010100000101000
001101111010100000101001
001101111010100000101001
001101111010100100101001
001101111010100100101001
001101111010100100101001
001101111010100100101001
001101111010100100101001
001101111010100100101001
001101111010101000101001
001101111010101000101001
001101111010101000101001
001101111010101000101001
001101111010101000101001
001101111010101100101001
001101111010101100101001
001101111010101100101001
001101111010101100101001
001101111010101100101001
001101111010110000101001
001101111010110000101001
001101111010110000101001
001101111010110000101001
001101111010110000101001
001101111010110000101001
001101111010110100101001
001101111010110100101001
001101111010110100101001
001101111010110100101001
001101111010110100101001
001101111010111000101001
001101101010111000101001
001101101010111000101001
001101101010111000101001
001101101010111000101001
001101101010111000101001
001101101010111100101001
001101101010111100101001
001101101010111100101001
001101101010111100101001
001101101010111100101001
001101101010111100101001
001101101011000000101001
001101101011000000101001
001101101011000000101001
001101101011000000101001
001101101011000000101001
001101101011000000101001
001101101011000000101001
001101101011000000101001
001101101011000000101001
001101101011000100101001
001101011011000100101001
001101011011000100101001
001101011011000100101001
001101011011000100101001
001101011011000100101001
001101011011000100101001
001101011011000100101001
001101011011000100101001
001101011011000100101001
001101011011000100101001
001101011011000100101001
001101011011001000101001
001101011011001000101001
001101011011001000101001
001101011011001000101001
001101011011001000101001
001101011011001000101001
001101001011001000101001
001101001011001000101001
001101001011001000101001
001101001011001000101001
001101001011001000101001
001101001011001000101001
001101001011001000101001
001101001011001100101001
001101001011001100011001
001101001011001100011001
001101001011001100011001
001101001011001100011001
001101001011001100011001
001101001011001100011001
001101001011001100011001
001101001011001100011001
001100111011001100011001
001100111011001100011001
001100111011001100011001
001100111011001100011001
001100111011001100011001
001100111011010000011001
001100111011010000011001
001100111011010000011001
001100111011010000011001
001100111011010000011001
001100111011010000011001
001100111011010000011001
001100111011010000011001
001100111011010000011010
001100101011010000011010
001100101011010000011010
001100101011010000011010
001100101011010000011010
001100101011010000011010
001100101011010000011010
001100101011010000011010
001100101011010100011010
001100101011010100011010
001100101011010100011010
001100101011010100011010
001100101011010100011010
001100101011010100011010
001100011011010100011010
001100011011010100011010
001100011011010100011010
001100011011010100011010
001100011011010100011010
001100011011010100011010
001100011011010100011010
001100011011010100011010
001100011011010100011010
001100011011010100011010
001100011011010100011010
001100011011011000011010
001100001011011000011010
001100001011011000011010
001100001011011000011010
001100001011011000011010
001100001011011000011010
001100001011011000011010
001100001011011000011010
001100001011011000011010
001100001011011000011010
001011111011011000011010
001011111011011000011010
001011111011011000011010
001011111011011000011010
001011111011011000011010
001011111011011000011010
001011101011011000011010
001011101011011000011010
001011101011011000011010
001011101011011000011010
001011101011011000011010
001011101011011100011010
001011011011011100011010
001011011011011100011010
001011011011011100011010
001011011011011100011010
001011011011011100011010
001011001011011100011010
001011001011011100011010
001011001011011100011010
001011001011011100011010
001011001011011100011010
001011001011011100011010
001010111011011100011010
001010111011011100011010
001010111011011100011010
001010111011011100011010
001010111011011100011010
001010101011011100011010
001010101011011100011010
001010101011011100011010
001010101011011100011010
001010101011011100011010
001010011011011100011010
001010011011011100011010
001010011011011100011010
001010011011011100011010
001010011011011100011010
001010011011011100011010
001010001011011100011010
001010001011011100011010
001010001011011100001010
001010001011100000001010
001001111011100000001010
001001111011100000001010
001001101011100000001010
001001101011100000001010
001001101011100000001010
001001011011100000001010
001001011011100000001010
001001001011100000001010
001001001011100000001010
001001001011100000001010
001000111011100000001010
001000111011100000001010
001000111011100000001010
001000101011100000001010
001000101011100000001010
001000011011100000001010
001000011011100000001010
001000011011100000001010
001000001011100000001010
001000001011100000001010
000111111011100000001010
000111101011100000001010
000111011011100000001010
000111011011100000001010
000111001011100000001010
000110111011100000001010
000110101011100000001010
000110011011100000001010
000110011011100000001010
000110001011100000001010
000101101011100000001010
000101011011100000001010
000100111011100000001010
000100011011100000001010
000100001011100000001010
000011011011100000001010
000010011011100000001010
000001011011100000001010
000000001011100000001010
000000001011100000001010
100000001011100010001010
100001011011100010001010
100010011011100010001010
100011011011100010001010
100100001011100010001010
100100011011100010001010
100100111011100010001010
100101011011100010001010
100101101011100010001010
100110001011100010001010
100110011011100010001010
100110011011100010001010
100110101011100010001010
100110111011100010001010
100111001011100010001010
100111011011100010001010
100111011011100010001010
100111101011100010001010
100111111011100010001010
101000001011100010001010
101000001011100010001010
101000011011100010001010
101000011011100010001010
101000011011100010001010
101000101011100010001010
101000101011100010001010
101000111011100010001010
101000111011100010001010
101000111011100010001010
101001001011100010001010
101001001011100010001010
101001001011100010001010
101001011011100010001010
101001011011100010001010
101001101011100010001010
101001101011100010001010
101001101011100010001010
101001111011100010001010
101001111011100010001010
101010001011100010001010
101010001011011110001010
101010001011011110011010
101010001011011110011010
101010011011011110011010
101010011011011110011010
101010011011011110011010
101010011011011110011010
101010011011011110011010
101010011011011110011010
101010101011011110011010
101010101011011110011010
101010101011011110011010
101010101011011110011010
101010101011011110011010
101010111011011110011010
101010111011011110011010
101010111011011110011010
101010111011011110011010
101010111011011110011010
101011001011011110011010
101011001011011110011010
101011001011011110011010
101011001011011110011010
101011001011011110011010
101011001011011110011010
101011011011011110011010
101011011011011110011010
101011011011011110011010
101011011011011110011010
101011011011011110011010
101011101011011110011010
101011101011011010011010
101011101011011010011010
101011101011011010011010
101011101011011010011010
101011101011011010011010
101011111011011010011010
101011111011011010011010
101011111011011010011010
101011111011011010011010
101011111011011010011010
101011111011011010011010
101100001011011010011010
101100001011011010011010
101100001011011010011010
101100001011011010011010
101100001011011010011010
101100001011011010011010
101100001011011010011010
101100001011011010011010
101100001011011010011010
101100011011011010011010
101100011011010110011010
101100011011010110011010
101100011011010110011010
101100011011010110011010
101100011011010110011010
101100011011010110011010
101100011011010110011010
101100011011010110011010
101100011011010110011010
101100011011010110011010
101100011011010110011010
101100101011010110011010
101100101011010110011010
101100101011010110011010
101100101011010110011010
101100101011010110011010
101100101011010110011010
101100101011010010011010
101100101011010010011010
101100101011010010011010
101100101011010010011010
101100101011010010011010
101100101011010010011010
101100101011010010011010
101100111011010010011010
101100111011010010011001
101100111011010010011001
101100111011010010011001
101100111011010010011001
101100111011010010011001
101100111011010010011001
101100111011010010011001
101100111011010010011001
101100111011001110011001
101100111011001110011001
101100111011001110011001
101100111011001110011001
101100111011001110011001
101101001011001110011001
101101001011001110011001
101101001011001110011001
101101001011001110011001
101101001011001110011001
101101001011001110011001
101101001011001110011001
101101001011001110011001
101101001011001110101001
101101001011001010101001
101101001011001010101001
101101001011001010101001
101101001011001010101001
101101001011001010101001
101101001011001010101001
101101001011001010101001
101101011011001010101001
101101011011001010101001
101101011011001010101001
101101011011001010101001
101101011011001010101001
101101011011001010101001
101101011011000110101001
101101011011000110101001
101101011011000110101001
101101011011000110101001
101101011011000110101001
101101011011000110101001
101101011011000110101001
101101011011000110101001
101101011011000110101001
101101011011000110101001
101101011011000110101001
101101101011000110101001
101101101011000010101001
101101101011000010101001
101101101011000010101001
101101101011000010101001
101101101011000010101001
101101101011000010101001
101101101011000010101001
101101101011000010101001
101101101011000010101001
101101101010111110101001
101101101010111110101001
101101101010111110101001
101101101010111110101001
101101101010111110101001
101101101010111110101001
101101101010111010101001
101101101010111010101001
101101101010111010101001
101101101010111010101001
101101101010111010101001
101101111010111010101001
101101111010110110101001
101101111010110110101001
101101111010110110101001
101101111010110110101001
101101111010110110101001
101101111010110010101001
101101111010110010101001
101101111010110010101001
101101111010110010101001
101101111010110010101001
101101111010110010101001
101101111010101110101001
101101111010101110101001
101101111010101110101001
101101111010101110101001
101101111010101110101001
101101111010101010101001
101101111010101010101001
101101111010101010101001
101101111010101010101001
101101111010101010101001
101101111010100110101001
101101111010100110101001
101101111010100110101001
101101111010100110101001
101101111010100110101001
101101111010100110101001
101101111010100010101001
101101111010100010101001
101101111010100010101000
101110001010100010101000
101110001010011110101000
101110001010011110101000
101110001010011010101000
101110001010011010101000
101110001010011010101000
101110001010010110101000
101110001010010110101000
101110001010010010101000
101110001010010010101000
101110001010010010101000
101110001010001110101000
101110001010001110101000
101110001010001110101000
101110001010001010101000
101110001010001010101000
101110001010000110101000
101110001010000110101000
101110001010000110101000
101110001010000010101000
101110001010000010101000
101110001001111110101000
101110001001111010101000
101110001001110110101000
101110001001110110101000
101110001001110010101000
101110001001101110101000
101110001001101010101000
101110001001100110101000
101110001001100110101000
101110001001100010101000
101110001001011010101000
101110001001010110101000
101110001001001110101000
101110001001000110101000
101110001001000010101000
101110001000110110101000
101110001000100110101000
101110001000010110101000
101110001000000010101000
